1 3 10 0.001 1000 65 100
2 3 20 0.001 1000 65 100
3 3 30 0.001 1000 65 100
4 6 10 0.001 1000 65 100
5 6 20 0.001 1000 65 100
6 6 30 0.001 1000 65 100
7 9 10 0.001 1000 65 100
8 9 20 0.001 1000 65 100
9 9 30 0.001 1000 65 100
10 3 10 0.6 1000 65 100
11 3 20 0.6 1000 65 100
12 3 30 0.6 1000 65 100
13 6 10 0.6 1000 65 100
14 6 20 0.6 1000 65 100
15 6 30 0.6 1000 65 100
16 9 10 0.6 1000 65 100
17 9 20 0.6 1000 65 100
18 9 30 0.6 1000 65 100
19 3 10 5 1000 65 100
20 3 20 5 1000 65 100
21 3 30 5 1000 65 100
22 6 10 5 1000 65 100
23 6 20 5 1000 65 100
24 6 30 5 1000 65 100
25 9 10 5 1000 65 100
26 9 20 5 1000 65 100
27 9 30 5 1000 65 100
