2 3 10 0.2 1000 65 100
3 3 10 0.3 1000 65 100
4 3 10 0.4 1000 65 100
5 3 10 0.5 1000 65 100
6 3 10 0.6 1000 65 100
7 3 10 0.7 1000 65 100
8 3 10 0.8 1000 65 100
9 3 10 0.9 1000 65 100
10 3 10 1.0 1000 65 100

12 3 10 0.1 1000 177 100
13 3 10 0.2 1000 177 100
14 3 10 0.3 1000 177 100
15 3 10 0.4 1000 177 100
16 3 10 0.5 1000 177 100
17 3 10 0.6 1000 177 100
18 3 10 0.7 1000 177 100
19 3 10 0.8 1000 177 100
20 3 10 0.9 1000 177 100
21 3 10 1.0 1000 177 100

23 3 10 0.1 1000 289 100
24 3 10 0.2 1000 289 100
25 3 10 0.3 1000 289 100
26 3 10 0.4 1000 289 100
27 3 10 0.5 1000 289 100
28 3 10 0.6 1000 289 100
29 3 10 0.7 1000 289 100
30 3 10 0.8 1000 289 100
31 3 10 0.9 1000 289 100
32 3 10 1.0 1000 289 100