1 3 10 0.1 1000 65 100
2 3 10 0.2 1000 65 100
3 3 10 0.3 1000 65 100
4 3 10 0.4 1000 65 100
5 3 10 0.5 1000 65 100
6 3 10 0.6 1000 65 100
7 3 10 0.7 1000 65 100
8 3 10 0.8 1000 65 100
9 3 10 0.9 1000 65 100
10 3 10 1.0 1000 65 100
11 3 10 1.1 1000 65 100
12 3 10 1.2 1000 65 100
13 3 10 1.3 1000 65 100
14 3 10 1.4 1000 65 100
15 3 10 1.5 1000 65 100
16 3 10 1.6 1000 65 100
17 3 10 1.7 1000 65 100
18 3 10 1.8 1000 65 100
19 3 10 1.9 1000 65 100
20 3 10 2.0 1000 65 100
21 3 10 2.1 1000 65 100
22 3 10 2.2 1000 65 100
23 3 10 2.3 1000 65 100
24 3 10 2.4 1000 65 100
25 3 10 2.5 1000 65 100
26 3 10 2.6 1000 65 100
27 3 10 2.7 1000 65 100
28 3 10 2.8 1000 65 100
29 3 10 2.9 1000 65 100
30 3 10 3.0 1000 65 100
31 3 10 3.1 1000 65 100
32 3 10 3.2 1000 65 100
33 3 10 3.3 1000 65 100
34 3 10 3.4 1000 65 100
35 3 10 3.5 1000 65 100
36 3 10 3.6 1000 65 100
37 3 10 3.7 1000 65 100
38 3 10 3.8 1000 65 100
39 3 10 3.9 1000 65 100
40 3 10 4.0 1000 65 100
41 3 10 4.1 1000 65 100
42 3 10 4.2 1000 65 100
43 3 10 4.3 1000 65 100
44 3 10 4.4 1000 65 100
45 3 10 4.5 1000 65 100
46 3 10 4.6 1000 65 100
47 3 10 4.7 1000 65 100
48 3 10 4.8 1000 65 100
49 3 10 4.9 1000 65 100
50 3 10 5.0 1000 65 100